3,2
10,76
10,131
10,123
10,175
10,243
10,118
10,103
10,3
9,4
9,6
9,2
8,5
8,10
8,14
8,16
8,12
8,15
8,2
8,3
46,3
46,2
46,1
46,0
20,3
20,2
20,1
19,2
19,3
19,1
12,3
12,2
12,1
11,30
11,29
11,28
11,27
11,26
11,25
11,24
11,23
11,22
11,21
11,20
11,19
11,18
11,17
11,16
11,15
11,14
11,13
11,12
11,11
11,10
11,9
11,8
11,7
11,6
11,5
11,4
11,3
11,2
11,1
10,316
10,315
10,314
10,313
10,312
10,311
10,310
10,309
10,308
10,306
10,304
10,302
10,301
10,300
10,299
10,297
10,296
10,253
10,221
10,200
10,168
10,152
10,94
